#format table ## [Custom WaveView] saved 21:36:06 Mon Mar 11 2024
TIME ,v(0) 
 0.000E+00 , 0.000E+00 
 2.500E-12 , 0.000E+00 
 5.000E-12 , 0.000E+00 
 1.300E-11 , 0.000E+00 
 3.860E-11 , 0.000E+00 
 8.860E-11 , 0.000E+00 
 1.386E-10 , 0.000E+00 
 1.886E-10 , 0.000E+00 
 2.386E-10 , 0.000E+00 
 2.886E-10 , 0.000E+00 
 3.386E-10 , 0.000E+00 
 3.886E-10 , 0.000E+00 
 4.386E-10 , 0.000E+00 
 4.886E-10 , 0.000E+00 
 5.386E-10 , 0.000E+00 
 5.886E-10 , 0.000E+00 
 6.386E-10 , 0.000E+00 
 6.886E-10 , 0.000E+00 
 7.386E-10 , 0.000E+00 
 7.886E-10 , 0.000E+00 
 8.386E-10 , 0.000E+00 
 8.886E-10 , 0.000E+00 
 9.386E-10 , 0.000E+00 
 9.886E-10 , 0.000E+00 
 1.000E-09 , 0.000E+00 
